(19,19) (18,19)
(18,19) (18,18)
(18,19) (17,19)
(18,18) (19,18)
(19,18) (19,17)
(19,17) (18,17)
(19,17) (19,16)
(19,16) (19,15)
(18,17) (18,16)
(18,16) (18,15)
(18,15) (18,14)
(18,14) (17,14)
(17,14) (16,14)
(16,14) (15,14)
(15,14) (15,13)
(18,17) (17,17)
(17,17) (16,17)
(18,15) (17,15)
(17,15) (16,15)
(16,15) (16,16)
(16,16) (15,16)
(15,16) (15,15)
(15,16) (15,17)
(15,15) (14,15)
(14,15) (14,14)
(17,17) (17,18)
(18,14) (19,14)
(19,14) (19,13)
(19,13) (18,13)
(19,13) (19,12)
(19,12) (19,11)
(19,11) (18,11)
(18,11) (17,11)
(18,11) (18,12)
(17,11) (17,10)
(17,10) (16,10)
(16,10) (16,9)

Weight: 433.801