(0-0) - (0,0): 0.00 (0,0)
(0-0) - (0,1): 1.08 (0,0) (0,1)
(0-0) - (0,2): 2.01 (0,0) (0,2)
(0-0) - (0,3): 3.05 (0,0) (0,2) (0,3)
(0-0) - (0,4): 7.58 (0,0) (0,2) (0,4)
(0-0) - (0,5): 5.34 (0,0) (0,2) (0,3) (0,5)
(0-0) - (0,6): 6.34 (0,0) (0,2) (0,3) (0,5) (0,6)
(0-0) - (0,7): 7.38 (0,0) (0,2) (0,3) (0,5) (0,7)
(0-0) - (0,8): 8.78 (0,0) (0,2) (0,3) (0,5) (0,6) (0,8)
(0-0) - (0,9): 9.38 (0,0) (0,2) (0,3) (0,5) (0,7) (0,9)
(0-0) - (0,10): 10.38 (0,0) (0,2) (0,3) (0,5) (0,7) (0,9) (0,10)
(0-0) - (0,11): 11.38 (0,0) (0,2) (0,3) (0,5) (0,7) (0,9) (0,11)
(0-0) - (0,12): 13.07 (0,0) (0,2) (0,3) (0,5) (0,7) (0,9) (0,10) (0,12)
(0-0) - (0,13): 13.38 (0,0) (0,2) (0,3) (0,5) (0,7) (0,9) (0,11) (0,13)
(0-0) - (0,14): 14.40 (0,0) (0,2) (0,3) (0,5) (0,7) (0,9) (0,11) (0,13) (0,14)
(0-0) - (0,16): 16.40 (0,0) (0,2) (0,3) (0,5) (0,7) (0,9) (0,11) (0,13) (0,14) (0,16)
(0-0) - (0,17): 17.52 (0,0) (0,2) (0,3) (0,5) (0,7) (0,9) (0,11) (0,13) (0,14) (0,16) (0,17)
(0-0) - (0,18): 18.79 (0,0) (0,2) (0,3) (0,5) (0,7) (0,9) (0,11) (0,13) (0,14) (0,16) (0,18)
(0-0) - (0,19): 19.67 (0,0) (0,2) (0,3) (0,5) (0,7) (0,9) (0,11) (0,13) (0,14) (0,16) (0,17) (0,19)
